m/z	Intensity
2004.8132027059555	23325.16813797142
2012.1471191092917	10349.480381226727
2019.7643059495363	50278.352271892014
2024.8279062420918	4827.76865775843
2037.684065732391	314651.1876589154
2069.114571364445	5106236.711484302
2076.7703139873493	128518.16230964875
2082.5213983719277	96291.8243836825
2092.5362529896056	126618.00119344366
2108.292874181983	120681.27415749582
2132.142604624175	523947.0184103745
2168.3434854480097	1543095.3112614301
2177.441321164805	6891.883587941944
2181.8571238819522	8492.643961513295
2185.36491297203	21789.156037568697
2190.210288791598	58076.881067723225
2208.798656177471	43799.17825467669
2244.6459101009664	4491.3266151504295
2248.203794089427	7799.4566556985765
2254.2586629998304	2762.7167711615734
2307.5320063647077	4964.198312087015
2321.3996282649705	41190.74874463949
2389.819405686586	3481.602982143329
2409.308290957995	13928.1224921017
2422.221698815517	4112.612636709333
2551.1303711468195	32764.713718206876
2566.8513674851315	18456.67198078995
2576.444312818348	7319.064775725015
2588.0405659440266	1881385.970854016
2603.1086624449226	12617.635590041176
2607.783286532691	21445.828447530574
2651.2030338014138	69928.97034009249
2704.0297572256254	17011.5022876124
2737.3896407961984	2305.593598278252
2769.768727549915	3572.966657114719
2774.2742896801255	13688.344501565605
2805.9157495206323	1290956.5620263745
2820.567747391654	2760.515716281272
2828.466946789852	61972.53792563405
2844.9390692567054	8329.270204469656
2873.8401208772134	243611.7115638114
2968.368258308167	28621.93106327285
2976.0621089643864	4928.313142544877
2984.8321219300933	1173.1432249465106
2993.2043338384774	12134.53825229783
3026.727836727262	13455.338727516719
3045.754880359555	1051200.4774738522
3068.2502079092155	1704.5488059549975
3175.6199011626763	5104.362427037684
3184.0012050723462	6268.308993516407
3189.594877496304	34702.173278123126
3320.2963196631777	123248.67564835008
3331.2921270847432	50920.32187026376
3342.3061117980064	11436.744919433862
3352.295087168532	104452.64460191317
3440.2243182555435	8423.421713238746
3445.774214249337	13264.079954598525
3452.387065485273	36012.043587369866
3458.9179584911894	8041.545759716497
3474.4756870834276	848590.7228978046
3490.4231093150297	2536.6311399057568
3611.914472815973	7747.947230890162
3617.962323779352	16540.76378555753
3635.683591660146	1277015.8911670423
3653.7203971320932	2063.572247416996
3697.5924974418076	7839.780874158161
3717.8872172973265	2194164.3276042216
3741.0836027924206	246508.5286959183
3761.7734034995624	10085.006477788484
3836.3571256250543	7585.582573916806
3907.7302546491605	237288.1807883357
3919.37642286703	5316.45073425287
3924.547609625559	5684.377284693035
3928.7811163470733	14141.889711280077
3948.756338481555	97573.08518213133
4141.7235104129895	119201.97561989474
4160.876334605687	3324321.9733431754
4245.067158984599	3092173.898773847
4265.731814450495	22989027.552429445
4380.930182874817	8285.157882662541
4435.754611601251	38832.800536481234
4452.669134441772	785125.3098559947
4464.799305567534	164170.9342453171
4486.9970017510495	2369590.4477893454
4601.764155375786	883930.2562852651
4661.63859870942	1646599.5624822886
4697.584386673616	33483.29177971477
4785.144500223899	3336237.443283603
4997.971895535958	1105802.296773728
5027.947751977718	2764231.9032355207
5135.290273480767	1549290.689240978
5176.146553154188	49675186.47047501
5385.500101322134	753788.8804719611
5440.507736810891	77261.76622682727
5526.444701017509	26996.182956586887
5643.465770606163	2372703.007578585
5748.842578005872	22604422.677454237
5771.175385007701	140733.6005034523
5786.582855415702	252849.21827617896
6091.661142043464	23590077.9856541
6111.010748746253	269389.40630909643
6211.886645915795	277793.8035700517
6234.626400020872	122130.95774815322
6307.86357942725	219236.85303871636
6328.628163099993	484281.3684528587
6354.332679057269	27347.857499632624
6368.102990914795	22250.634130942908
6571.820495517408	1125691.17743403
6643.090083784834	1548694.5625253818
6657.292127835528	232416.22286115857
6713.759882591446	90898.88010552694
6732.717586874192	111796.99626164604
6950.148778759968	13216712.830453018
7000.680630742031	55072.468389947695
7069.435118191462	94308.3061058653
7271.824050996477	13261773.727993885
7436.361392366369	27001349.03066682
7680.959820119694	1676350.0404929814
7731.832925655108	40500.67368753405
7753.8948320848485	251310.06164221134
7857.487780672966	79430.2730271244
7896.128808898522	12812.817905312544
7982.545752338685	296360.3488922733
8322.367257898619	21371017.506127317
8489.192647408032	38658705.43081123
8610.800099994194	245024.87574557637
8721.91160285246	269281.8353921849
8792.298690545938	30106.575903721496
8905.846447009462	2567632.798667042
8927.39506993811	287216.06683323963
8974.267894314053	6234905.846294658
9203.84627340937	3889613.7051959215
9323.926422320228	8214946.089662306
9393.059363640015	33870.976028422214
9570.68039029386	9934819.599871513
9997.903312705903	2346374.4304646007
10055.17974740009	5948088.854723936
10328.294406370223	128971.62271218812
10476.20999182956	1048.843948234035
10507.11963620983	3965.3127311550597
10528.059450649505	6276.566194353315
10771.300414137839	2567604.213699975
10877.671920962544	18567.61060006794
11053.593577955564	49385.875597499355
11287.320176225758	2910515.0816356447
11576.737517014022	745943.5646185844
12016.169364026644	3591.3753598373664
12082.748873658778	131332.096787736
12307.563532724322	523629.37514216173
12430.119681925513	124564.9110960902
12460.099443840418	56768.482134215286
12490.45089263777	13322.807893311863
12618.296430710005	1602931.0480884132
13142.383429415257	554119.814649602
13319.217709649542	556882.2190219805
13455.927652919814	15130.939296831888
13768.41125787727	41860.82134841104
14002.462866513706	133844.26677376867
14083.05633572856	2610.2881717740443
14118.533643444885	43878.690958769046
14971.435221968317	69270.90831672345
15078.907817402303	37815.45305323729
15357.456135791894	582484.2778601861
15652.074474445648	17132.96001909927
15963.525854379412	86169.11510658026
16506.399459759494	8221.177544565244
16623.108534319876	1075.7929251914254
16651.768837107054	3101.224398097209
17053.252323399716	372.59159904965014
17585.71513008392	80394.0648021909
17952.948115407486	7236.794128603001
18141.930691197656	994.1233171676793
18977.390252349443	13635.891622290372
19081.97843714545	958.4325352478872
19792.984405002957	740.6449114686374
19904.029317101576	4798.606833550756
