m/z	Intensity
2004.0562204057826	3328.500502408452
2006.8801792875313	26838.253263665
2013.9487750861522	18804.280850501164
2022.650061635893	119122.31912054308
2038.278301120509	62680.68053295587
2043.3653386191545	1850.467457388395
2061.0494882813914	26225.40396816949
2069.783519982752	3158504.968569409
2078.8098316554806	40316.089524830124
2085.866731047557	136650.4573991294
2092.798214918148	540244.7415183019
2109.0393747563867	691262.5125722935
2132.340025028256	42444.128948926395
2168.6845339642546	568214.1800925526
2174.9118491024124	5452.557713948166
2183.1119025593352	1151666.886384106
2190.6246042234006	81641.53737906141
2208.7218508377227	126949.15255010164
2225.4059035329974	26277.515481569077
2246.278088643587	70311.01771569737
2305.656629665149	2240.518545936986
2387.4021672031085	29193.919092744363
2411.598868168184	38230.650031608326
2424.9627535057575	25298.506239330338
2468.706348776474	3856.0330358726237
2511.26068525068	2489.728639262907
2535.470702324741	111459.84909664038
2541.068300701392	6065.434931177144
2549.476271031701	555661.038031991
2574.7835059330187	15139.363985341291
2609.794620096246	9651.493350214974
2624.9267051414968	6587.472107342206
2635.167517640606	144290.4975228472
2650.295582117255	152694.1278060323
2670.1974813053234	12762.264298692788
2691.186280720485	1237140.6161314128
2701.087204355778	3010.9435576235223
2703.819000759599	7322.784733713019
2708.9741449746225	16301.201401979246
2784.1962468902675	103543.38699356282
2789.823918909195	14199.250809744744
2795.3778903083307	4867.975482611986
2835.3696232068587	1685716.43976553
2856.354609798477	20019.04928980219
2875.403860819379	15736.164438138247
2959.5806050918336	101366.7631705414
2966.8545986599224	27929.317855081947
2997.930329311805	22212.98104130972
3007.3093200763883	1925.2388555698685
3026.8546293566105	30004.585041112507
3066.5508780202604	10545.004829697138
3075.9532463929845	48280.60901337856
3128.385391782658	820990.6494655934
3140.405654297553	21433.089706001338
3149.667694035348	12668.228237925114
3158.7746015769094	927239.7483803047
3179.3132115207554	106010.76424054227
3185.411507186068	61751.85268095885
3193.127434647963	13402.988554833479
3206.8015558030124	214510.5976661101
3254.4199540689187	16673.730714983554
3398.330441721514	127752.67790554161
3411.9981162911436	10064749.50587244
3426.4841596595265	895232.5869124751
3439.6799183441613	4181694.1499417173
3450.6075598051707	547670.985067433
3462.8776955494354	288207.2215928117
3580.125849589275	1503771.8681647994
3599.646797214975	48760.22545900163
3638.3950835030896	1192435.4182114082
3648.726716582518	10085.960911262831
3727.230831854046	6067.794565082968
3734.383979402073	22689.865892439684
3740.9929713109623	12379.99247672498
3806.8484148601115	5811.4651018501445
3817.323580551595	40421.658360482696
3825.5840640257557	150435.46089337044
3835.8059867352727	15627.736282426986
3844.9242782710776	6474.011082071791
3854.2398159358036	12147.471905826704
3913.2808082135643	18212.819496828568
3936.7967682472504	497972.01333734515
3956.037986581609	20001.525618505562
3963.501842278328	3420.546707838481
3969.459072632714	8853.840029970965
4054.3815671311527	4515.008487847015
4074.674358759865	82592.83890901633
4086.37525008129	9610.793135949516
4176.121936625934	185150.69892330107
4185.635889934431	806006.990954741
4195.257915567499	53119.62541340579
4258.9031654256505	34048.70206147688
4335.573804091501	24965.601997327663
4365.878005609442	17446479.90785652
4386.437751950305	348972.78181903355
4428.701246980839	67423.65420727529
4439.398818749347	1221278.5933520594
4449.808825424649	653538.7138096981
4498.31508066726	667101.2612538682
4533.5277546073485	337808.18617846875
4597.337966946657	311487.1636296324
4614.660519038123	1430973.3965850342
4625.886586954042	8100.080501498233
4637.228534795747	108516.30477882671
4769.644106745828	2887305.6160996924
4778.565765331711	881814.5770558381
4788.326881131756	59320.975325804364
4858.189268228105	478246.87774229073
4911.0759248273835	7734.911025790829
4990.836667835277	3482.6526045483024
5071.026063370468	573119.8612471104
5097.683483270643	4300728.124085939
5120.972038624344	105096.7376344986
5138.93070756419	240253.4442280045
5151.639019078078	1174011.2991136413
5233.756595214445	156636.55803072496
5329.01096497506	64084.72634339384
5349.1970935854915	841853.2696169063
5382.191089139578	20384028.618987024
5401.815476692346	218591.8701042759
5463.455094677931	145518.14816595064
5567.599699373737	34181.49930419964
5591.599976927946	97515.26838990726
5602.383228212047	256950.21837915483
5613.739320379358	101275.19061080074
5727.250850732116	373572.71299686364
5742.031639296714	19783.35344648396
5806.492517450264	37020.09189079158
5831.689655735469	6908.188296336446
5845.2269615970745	20889.704148440665
5871.543295206365	308424.1759800933
5889.619650766873	27912.788126178908
5952.931918107636	16525.155249957228
6114.454360045611	756848.7963382032
6256.862329465675	8745179.308842098
6279.328582506648	302737.39980585163
6300.5240911605815	229264.11399747044
6317.816489872262	5746971.117929664
6389.503140453204	478246.31389386713
6413.288162241273	1946552.273131953
6487.931393671706	188986.13259452552
6505.963317044948	493781.0257404664
6687.044932558315	130738.35645273209
6744.1349663968585	4925.957921111152
6831.714114563663	34181.07150940134
6859.416075245266	543910.0516872229
7012.967367309899	6784.115331519401
7160.08510775226	7122050.845481083
7181.953657568164	537731.9320887851
7276.291543063968	6854705.966354444
7366.862838252128	16881.126420683788
7487.716462464128	91701.19514478881
7652.967051721846	2035137.085980026
7686.628506094177	6089.317237287211
7708.75897924261	1130064.7216333423
7873.753004254681	1623802.7429386068
7938.099326814491	8940.378315742315
8013.321791989951	49753.34143754506
8121.204511887749	26820.97266963379
8353.26210040486	597566.3922868795
8371.385454354466	650317.2722673027
8856.832007406818	509410.02653929923
8878.746959118782	1354897.8670878012
8898.281122586315	476630.8175528336
8997.413209962917	622172.9447814613
9066.760698853468	3074544.846801896
9197.036827968155	390700.5130888779
9229.606816502703	2095697.5724039508
9257.466583896916	9252.72018521537
9273.797748059484	170883.8256263726
9539.2532268361	20745874.96374578
9716.479158030226	1402989.4009472802
9920.44363295469	13555.442622704537
10112.480341712835	32123.38418002755
10141.187589115512	180272.862478413
10302.54771527674	649944.511831135
10465.949443482377	62982.387131794756
10654.954843806116	24414.186880748475
10697.306518632553	120435.39802156044
10749.858311455378	197589.84975188682
10882.897529462722	20485.759915726892
10928.995306520163	72837.45748436655
11201.111912576476	438730.7320710301
11395.010864210619	1276.6763379360214
11456.799250580209	44381.489639083404
11677.70011641893	3191.1003113158745
11741.225318824721	42608.8695603108
12226.227999281718	318737.7923601863
12725.280026376246	1142.1223320988377
12771.72954566298	29890.937712483308
12972.905546442205	29788.29559096976
13356.017811237512	2518.9279882802352
14840.877525414777	2491.1441058328987
14869.05861293818	1714.0529345267025
15282.9155229416	1596.00930570511
15349.064555644454	8595.446011310916
15417.40705549178	40992.64418002031
