m/z	Intensity
2004.3607704171313	5616.0854053152
2010.211679442482	42289.092972271465
2016.205915641975	37675.296695667705
2022.3440806191375	32373.242459377998
2031.6026494793255	20386.06762653646
2037.4254007666304	4594.216320845965
2043.3921901116469	3491.0064878611074
2067.6878581381434	18150.259467785276
2081.019234701782	22849.416945143654
2134.1489839980004	774804.6774459312
2169.031959309785	25171.124734465524
2219.23408880479	1263.019381147276
2225.8861164433833	2518.545288808248
2248.6771230672016	1449.003091723054
2268.651920831342	4480.161901217714
2302.7397516360993	2712.2259437831935
2317.0963117130264	12382.82223242052
2393.5123063190617	1858.3403755515221
2409.9905516466515	2399.5443404817993
2425.342395262144	50689.842188336675
2430.5198428963636	7335.340223520208
2479.9809219791555	48254.93437713588
2499.5296073257323	434.645293544703
2515.0130284137003	4830.581315174659
2571.484108751565	2553.463839052002
2589.326733312299	1910064.8918813185
2598.4242091660276	15420.895765667583
2608.0742197039613	57201.006757257994
2635.821297708291	8764.312169997384
2652.3390180242386	2057.2969548614797
2691.5222816620244	750.3801285759682
2774.9400099178893	318651.27851358545
2788.160854191331	11745.443240966468
2807.2158929777443	233485.457095285
2828.1715579333504	13718.40343318012
2845.8409435765225	8358.45523095629
2856.1801808240452	666858.7996523469
2893.524368161287	9857.741140229364
2969.1039814860915	63895.19142647339
2976.6336380594407	22040.934713663468
2992.542646229841	85770.93019044597
3046.7350050134187	1821874.3008236496
3067.6501490488104	182746.4285842639
3108.021165741121	36613.022747294315
3131.91681078757	11516.192664492908
3190.9114706180085	158398.35162900333
3211.5492863405125	2050.4840647167807
3285.466953063267	6165.715392240437
3322.481588226019	296970.50830509124
3332.1792141447627	101537.5525239406
3352.746675441634	293675.2843255322
3455.474248896746	13224.510485570889
3475.6216903117283	1597418.439174669
3494.407820736518	36411.741530278494
3524.642240464875	3077.918535629065
3534.2733696344485	29624.66447551527
3589.9973111080353	71483.44568664134
3637.0988037932293	1828964.3148153129
3655.589710555249	10142.054224998097
3718.937644071294	2472754.0248609344
3740.847784375563	26428.4810240522
3762.2698287073904	119614.62410827517
3823.746383524849	50664.57688987112
3838.519090318418	24804.284725966972
3857.4212363629563	69835.4740312295
3864.4165326451894	34250.53097089977
3876.2763518936545	328116.5111976319
3908.304169963533	84228.51125257267
3936.5072386402753	12707.388782868442
3945.9307934998037	16864.767732557462
3966.5131932460745	23496.21161429084
3989.8035011907655	14306.082881337497
4141.210012657185	329643.05314248434
4162.0043843966605	9209013.982124174
4181.006491111325	130821.89307987415
4204.041334637579	90581.11281542381
4266.757398234746	19357741.77197449
4287.569359812282	117322.82386899678
4303.9993409312265	63155.868273448716
4380.35945001963	216876.45792636712
4437.0702248634625	308649.93341833435
4453.3832286137385	2016239.4854307256
4464.308625067275	518386.38765061536
4474.042481425227	150710.83344155492
4488.210598500326	4286403.818988343
4562.326972670374	20141.637825225433
4601.750879886878	2588388.3244316825
4663.049608615967	1443740.4133531689
4698.582919018147	505485.31010345486
4711.247197813751	161838.47736494185
4743.2409104925255	8439.024235936708
4765.493680713302	29366.32863714637
4786.032992795099	3791438.5120119336
4998.629872601619	2708546.1647788873
5028.389537669431	4836226.743412439
5118.735441748295	246273.39501532185
5134.53456405105	81111.23662582165
5176.8925772332805	21106294.178494796
5198.082722733156	113629.10219317135
5215.087680334472	169547.62604865016
5319.671075894666	209463.1802377057
5363.663858473349	11741.733935166594
5384.902019853306	2139717.990009325
5440.561212715527	11652.761456004597
5500.513627757638	74075.32238196893
5520.793831852363	129877.76129214538
5539.4354213208935	1695.6130116304075
5643.935317780104	2644776.1930948496
5676.572669174898	59454.45105186434
5739.741238684966	230614.37553392543
5787.375590539874	437354.1458467594
5796.171809714102	128929.9144331261
5859.081301343314	149588.0727350765
5905.822939938923	47724.310107241734
6044.594334301659	55497.33469831603
6092.068725992457	14763203.42597754
6111.884972461765	151822.99372875693
6129.852876088286	110987.92302283531
6179.194100612027	42284.23186699466
6192.062303551868	59085.70792474667
6211.803770724498	1386355.0306019166
6233.235692281914	204641.29114978304
6307.047859304168	3263165.3760331813
6324.345149933411	307954.41233244975
6570.332657273857	1831101.971637869
6644.0284838216	1287504.8343324808
6655.167288843676	218376.8138506485
6712.1080148165365	875259.9536041404
6732.784293419285	1050298.8647076292
6843.718974912637	96397.99776747322
6883.513706322095	85951.44116954986
6950.553475321861	6008980.215261911
6976.482373494379	30904.339790589795
6999.570808977416	966804.986338642
7049.516547044053	81093.69242148843
7067.172002499554	741376.6452122743
7230.89353148352	31200.79683921267
7272.692884854446	4605094.25549924
7436.693134897576	7957216.971339254
7483.626495775378	578165.1261929155
7541.653465779159	5618.936008072508
7677.702009688932	1598248.8769686911
7714.310072233516	410010.3467415922
7751.665984237227	1716317.8735510686
7893.454418516498	72122.0483404669
7932.577933953644	9004.918272617648
7979.305193039604	877955.0660292559
8323.242870266817	12217930.876288729
8360.670808065423	114627.6859985967
8514.961645282041	86763.34391442913
8787.485591770723	224880.1702371709
8905.9396771633	2102677.3242582376
8926.775495165011	124751.58812977931
8974.491638723723	2992117.3625437883
9202.304248289725	2823716.694596417
9323.512693186374	721989.210289953
9395.687192654661	232175.4948698358
9486.26009813932	383356.7199014143
9570.217587230301	2475704.7466772166
9997.35441523435	1241802.6311387343
10054.619202717688	3384941.5555697824
10322.949610019781	17506.472786688017
10767.632605629191	878626.6521668166
11284.908909098542	506198.59661534807
11476.588233877099	17326.46969953412
11572.46804252432	945540.1907931409
12417.680091247894	120767.33435831366
12610.28062816398	1967057.5157392197
13083.410519298322	1633.9664609783877
13135.314070043527	91033.748388911
13307.394064388103	64804.68384054735
13418.44680580808	82711.06875269089
13996.788181596154	943.0400826850224
14108.35734142654	1527.7499496883563
15322.455957806218	16322.79781790681
