m/z	Intensity
2011.5523262656695	61035.6694414457
2027.0732204465103	28184.333157708457
2030.658230579096	11909.62938734968
2035.4657549122535	5138.711590759076
2041.2287176187854	9895.554496795157
2066.4777342415437	8530.901697356485
2077.825395095051	8906.679420951154
2085.293469537975	14013.491135021039
2089.2041274325184	5268.932145663035
2098.9623996734085	7357.106694725186
2110.536759896321	9005.274362029966
2116.7504011729734	11116.601170311174
2127.2652892622464	4996.45575174321
2133.989065280124	3858.317900925129
2163.2945893015753	15742.593454923708
2181.562977399078	5453.815549514002
2186.8969477709516	2858.77574747675
2209.9213536798643	8210.23607228283
2214.441767654281	30086.592186717797
2228.243378095253	9231.514164916052
2242.2300814792025	2562.8841929039363
2249.9877219464647	5335.247460968341
2278.7859701309535	4956.516042520446
2291.851657109155	47699.642417829455
2304.8825971610745	6444.913089073036
2311.592418992547	6357.695159897186
2319.1797454385523	7305.135544156364
2334.3916929064076	4670.715450427648
2349.0710583056457	13735.472673728234
2368.106090956107	23425.412639451795
2377.7622510867172	5933.88425749921
2384.4305903083514	4143.725217789808
2389.8600796806554	6860.5752762292395
2418.7246873388176	10681.099587313092
2428.70541546899	3221.679457249732
2437.7427134546697	6912.566067311541
2444.4945767401314	8090.520138207344
2463.762525780462	16705.786612131065
2468.7592129556097	26819.410894102974
2487.0737769384427	90499.3830207341
2500.947990913513	30612.70221480881
2505.7567035168568	15570.613806183299
2513.3548486209397	3189.87720197992
2520.9644961276886	12354.517913736707
2525.4905249969934	5651.785830594578
2538.865960504028	23686.30366859862
2566.027083561679	8758.08535545328
2578.9754291715194	7107.611591917001
2583.782209565021	54313.97182062502
2597.0813287125866	8170.389808929476
2601.368766579334	3369.2763857951422
2604.6633064153657	4893.79456106107
2640.1919927283584	6647.276745958654
2665.7169774393396	3783.0027528022947
2672.544378406529	23073.961313718413
2693.7804012234283	12824.791933140858
2700.4875437394444	28684.611082662253
2714.161549875898	6515.65036596537
2717.839879802196	11559.312495205113
2734.1483495997695	10898.037400680352
2743.6579321163663	11374.659993423576
2759.4124455148713	11596.468687009048
2775.2120619529455	4874.169867406784
2780.8317736332665	7006.580678998598
2809.3339674625468	33690.18176531849
2826.3134295200475	78306.81256967345
2848.7116744209293	13084.344150348994
2857.0535379643243	5836.5661514087415
2877.4782018344645	6410.979845687242
2884.0068772826485	12496.211905409096
2920.006257637832	8786.7989860105
2930.402486049371	12041.347358175668
2943.83113056672	86163.10103723606
2973.891660759041	7185.389520000935
3052.8632471269593	8498.438374592153
3059.920103281135	15053.547078677168
3070.2294222121886	688521.1063466761
3082.72354421859	19394.89416732394
3098.8366367349486	14114.944351630458
3111.80761398806	2154.005169488622
3122.3717247167147	14767.749451097192
3139.0927752846483	6336.318768944327
3188.9301982796546	147843.58680641605
3208.2945545260754	2726.699040451668
3225.158523550895	4092.295399327252
3250.109286070738	14214.901428591995
3302.3700635054474	15664.858990437639
3316.624584142469	394112.5190833045
3330.476466584392	10931.592303400239
3345.3994347591038	4738.703998180852
3350.5260437553798	3834.557666329667
3378.0506228500853	2953.9436849170397
3425.962159999941	7565.31049033734
3431.8538594889656	15147.49127424963
3445.6796094683955	245832.5852455854
3462.3602150568986	12098.623510438238
3470.0521267352833	8821.667187699717
3485.816195083407	11570.98934873454
3565.8897933000962	79770.8773876572
3573.3367104718805	15136.455400207005
3593.203126498058	5891826.288566965
3615.2913490440515	864089.3828521506
3632.8296306284124	44031.83674691061
3713.7411617231514	17168.76385784181
3734.5441869917568	10898.191409668314
3770.328521260484	4313.826437471955
3793.231249211242	6127.3935122071725
3816.759962898491	2828.971364414317
3915.1721175980583	23652.4861868975
3957.5702638999173	3022.302800485584
4065.713556658735	583750.819839783
4080.4730221089294	24891.67125403475
4091.8963793737516	13498.685868511147
4241.85307574254	20054897.817059122
4438.4196267609805	4304.236853887819
4445.425647344849	8461.913450089502
4474.50944923037	2171.432072156712
4542.065688921264	4815.405200779387
4667.199230437461	13580.399246091336
4705.956774942769	48843.05502548157
4721.5253034656935	3239.6099722624285
4743.633348256589	2395.587222140288
4766.2077228277385	8468.878718641865
4923.304974301865	2994.0049564328174
4941.761960458841	8524.45884418223
5011.681868957553	8932.886105896712
5048.959907369028	252930.09015343877
5171.445446204303	127690.43906930939
5203.893958477058	2267.0869372723755
5390.126740450937	3593.8228312767287
5428.894733640083	109484.33606811603
5477.911299101255	7907.713797876808
5517.997070464325	6866.96878682679
5532.173309529974	12863.301930737744
5613.111376375208	1558.73152457393
5629.775152394812	39828.38664540721
5653.687913911831	10636.569616364304
5691.917785273388	4066.261714897542
5792.855519005658	6882.094645770669
5804.634075631419	3335.3845370154518
5868.1919070161	4108.315661063433
5889.032194813022	7467.337326486424
5905.8695090709025	3443.227734155037
5916.607178920789	2024.7971807329793
6081.7699730137365	6369.83866664362
6107.327270934079	1866.0820098918193
6175.466683627374	9990.53053845288
6246.594985803734	170432.20108815425
6263.460157520462	526554.8492187437
6288.681457442073	76505.21506295085
6308.942697130074	21448.185929448227
6371.000675572694	734559.5109898911
6391.874223283668	4524.18717916566
6495.785739215902	78931.1771868563
6637.921401720814	6262.9832871036
6648.937468065922	4670.480016199819
6885.624197381716	3731.260984378655
6926.932509987184	2883.011854803947
6989.566027653434	1135.89933805319
7052.229216137492	7282.927259296172
7101.118402962391	3181.143913650597
7157.924539136026	6018.2469256120385
7345.137014302466	19053.781659568183
7418.422073163557	4762.026651247803
7435.89368324179	10934.594797920627
7484.923517846033	1883.4179346642068
7501.822862835225	5395.3864285927275
7685.286738732886	6594.8846962206035
7842.082625716009	54848.178148748564
8133.31553276782	13120864.611136058
8484.269917860644	150571890.8142817
8542.048744517062	2885295.9465761324
9384.337462952422	3333.2422921653697
9412.289533257666	171894.09875278187
9464.373412481904	5880.503681515428
