m/z	Intensity
2008.041641091442	29379.06551507287
2020.5022024447492	69755.90189211587
2030.8365415428184	25179.32551110924
2036.3860571087725	8301.249947369935
2045.742580247	19565.705669977957
2058.6598396868894	10894.762242404486
2089.895732948461	38254.9426200373
2100.8872983710426	10195.294801078633
2105.8429081661275	18618.78811000421
2121.850695671078	4346.461406525641
2132.8565549183786	5450.191323329347
2144.585818115358	3310.4504419125174
2149.7318334549573	10549.79966187048
2174.504550164399	5516.694557583356
2185.295160479622	9185.19097281279
2195.6905239375296	11064.798325843
2201.2494977336128	4745.123379015065
2210.271361457249	5731.390233450455
2218.8874986500887	16384.63421948483
2236.0281237179497	12472.989202122017
2246.258801052933	7175.970402906896
2259.936028295603	8658.164640637431
2278.3085400316877	17178.43514426298
2291.6517723405323	9245.10933144719
2314.6990416182202	6592.461147734407
2324.0225850464176	22585.215283786023
2331.8427544199485	14967.82065287728
2339.167946598118	6273.08896651431
2353.3431441934104	63887.84733796702
2363.0359188178354	7026.984903264225
2371.2867852913787	37438.257519892126
2387.0983663625634	14498.785818240696
2392.8210160644608	3661.737162015714
2415.116310477519	2526.161849102154
2425.822252170956	5997.113338892674
2433.515577560793	5024.791942328298
2473.4335821521872	41501.50818465292
2490.2555397143847	112062.64987122928
2512.397368595097	18194.72725301035
2527.766323453887	38706.77489749488
2557.8098594538988	3420.916378879528
2567.534277965227	42676.85873263907
2581.7742126858298	8674.473664094603
2589.863534859039	53659.51275401243
2611.9826610540263	4380.613420829843
2615.7422881276225	18533.437439969686
2636.275925826336	11220.036404142553
2659.5205991177813	6435.5250369720125
2679.5258104413842	9340.381330702628
2692.8263839332208	11962.487074115987
2699.450032299863	6503.138819803527
2717.178947866882	12442.333078091
2723.519172009173	5340.387487226402
2772.452038484046	13770.639338631981
2784.951322130546	6534.397258824312
2793.9079258071324	5570.301305747011
2807.966198039702	216927.17195221307
2830.1176436887645	72215.82361476403
2858.9322926199065	8091.511138813655
2865.6767105911263	15053.395356147426
2875.4058508016014	2227948.977939589
2886.3607628482564	118359.52908294121
2895.801876381606	50172.51757265026
2949.0221877808394	3157.0516215618454
2957.9937688020755	2430.331032197
2974.0132650743826	19773.347412825944
3000.9181759486974	1975.786178559823
3037.944810511935	22348.745674249098
3044.6486205405654	5183.498505642477
3062.9768424706976	18770.432413375212
3077.4459063648783	6453.545813136513
3087.1942750058342	8323.412666716875
3103.8938510311564	55392.286379501485
3126.6775623258873	40418.761587625304
3172.3258729597464	5487.846857606159
3189.5928446582157	127001.86681568544
3224.267381895128	5417.962768197546
3228.6148797222404	3846.9894114918843
3252.7068600707084	51853.84790003606
3300.8145846204275	3846.833817358663
3309.615083086757	7290.269149389477
3316.352781394572	22670.96864933505
3322.664782575538	2914.1754866306064
3328.1169503589117	12551.859237102104
3334.873445863133	5029.53052627
3362.751139682099	3647.0975049744693
3387.5996092658947	19638.139740324543
3448.7547639277195	17662.383065315225
3460.5746949451923	13797.025450706904
3467.287522856041	16982.088037104797
3504.146665624331	985.429997454906
3518.820255290461	10696.453731652551
3542.987043603693	5732.728446843771
3568.2225786250965	3982.1187104275386
3626.8210727819755	2323.636094867037
3647.9100875361096	2226.243817735392
3709.6241836856034	8747.817144301855
3719.960194372822	17283.062881096044
3733.1525855409363	9360.99940706999
3743.154020251327	179801.92159966138
3763.3811565213628	85361.77497300213
3780.3402533965937	23789.705215083235
3787.17150969089	26362.09492267978
3827.917132018532	14498.056042245336
3846.323790062579	5535.479708862443
3906.4034292829306	4741.859660120865
3921.989496050924	15535.28989244103
3930.076407977573	48051.8021056914
3944.7669467197406	14235.412194001787
3966.476062822856	31895.523726913925
3979.8141491024794	9761.564348195214
3989.571724656514	5137.06045499008
4105.959539060813	9563.010523091545
4163.183074493702	14935.087817213098
4245.310596636127	16074188.060951713
4428.834779189234	30431.486796668592
4454.3392413493175	7859.572077815232
4492.984716330194	11066.247055523245
4514.436919100692	11520.370172761199
4554.050564683073	6935.20719911881
4637.4754352985055	7092.162258330834
4649.7474661221595	4671.480243249416
4662.957985309162	6186.744798422687
4687.688310613843	4053.952547697957
4786.744504039177	48134.15800737786
4799.940135883738	20464.345012072605
4821.1742889915995	10821.445561707435
4854.681743134129	4766.774217857131
4963.721492445576	2375.1809058171166
5043.551212249976	37565.01840672739
5057.629578182718	309557.1807874075
5079.425647193491	8816.512639534349
5136.594401466242	16954.89072640292
5164.489839601742	40620.93767389765
5178.411888753487	1680352.9832637184
5200.574628110983	131928.41041889688
5435.421446779851	765471.0428489648
5450.368514183474	149519.63061069188
5475.4369500238145	16207.97932563618
5564.301089466105	23756.92005746535
5709.082789785861	419741.9627684845
5751.570947778209	204446177.46510416
5773.4442391377215	11636978.032299558
5896.448306018729	61216.364303845854
5921.597347142454	5885.894072310361
5938.701507925131	30143.163825825974
6076.188821046599	485605.9980124525
6093.28035010536	471931.5245051443
6118.140920825686	105644.76099438951
6250.201133596802	1086189.4940953364
6330.424551501266	982347.0992295308
6362.4656252006	401592.5769594616
6378.156923900104	4822647.372762225
6507.04606499719	720193.1120856816
6633.31261150325	137191.24410658638
6658.760505577858	1015.5774635009993
6759.80534584463	5643.141477660922
6956.03952401298	10446.874051871739
7121.100647471668	92477.35973320181
7272.219126255831	117575.16047540796
7295.786439914605	31622.62247452397
7437.214406092556	1062764.2285941548
7459.362256422153	312090.656130247
7480.245007511352	140167.65693742142
7502.716771677885	25538.00910443654
7653.346084700487	4103.859524261512
7756.227344574052	7736.551085192956
7773.154319021229	25142.293436574873
7795.6639815805565	3299.2346083821167
7845.831512839242	228177.09413302728
7930.068914095689	6354.353819739652
8086.392115668305	85416.49796033087
8489.958628465947	193410651.22156876
8721.616008756559	64122.202505610345
8743.914746580049	62725.51718459114
8766.663495554118	57866.28420987719
8972.874319653216	7947.504564339841
8999.335299121894	8724.079670839097
9018.707769592045	14506.045733224551
9037.67305075385	3141.962625860061
9274.035001199409	10610.783373415341
9567.978565752435	39236.649105310324
9592.803355507795	37698.31116810793
9625.462309095697	1364.3169766844285
10013.287201012168	3220.871992633656
10066.820620351888	1141.2443948560053
10079.774253904814	818.4449329597717
14236.603793301712	72826.8019218497
16976.252799231872	332723.51218934706
