m/z	Intensity
2004.9319388499962	256057.64340679246
2011.593093829175	39565.939607756074
2020.8967723115966	104259.2744499736
2027.5843734158918	32254.85512155435
2036.8571538921317	66493.6923352459
2060.165733649917	78807.39333834214
2069.1711352208044	1701967.8707287111
2077.9224014724678	90232.21857128889
2083.195731042653	4409.471992681418
2085.1835226481776	4193.273915122469
2092.2512723838036	1778043.0600478167
2108.4904276604966	1518894.1434268854
2130.7485013697683	564062.3993876536
2168.1982097769665	411415.7106098521
2182.062944267786	16447.26766210483
2191.6117958829973	599754.7163585186
2207.808030448876	890666.5722850818
2224.6303850781587	321744.8487033245
2309.1947698996705	3384.0259612434465
2318.8729492806146	2477.8271333053526
2432.8114340010775	16899.94354741583
2535.0231149540327	429819.3665742473
2550.240553726019	234695.06144699804
2587.9868776283865	197094.17048453802
2633.9413007873754	944575.4748578809
2650.302533392678	529713.3269242228
2671.1356965183777	21682.916319614385
2768.0661498684085	7885.108231031148
2773.0449900972117	100847.41406198431
2784.441995253998	4898.871789331797
2805.7948450831523	435292.4328989096
2828.4268841979697	271709.5285038434
2842.177814100498	12946.8362094514
2866.563334185006	12789.946561891862
2873.6417414648663	1706984.5764294202
2885.162769730113	256443.88246791204
2891.537417502273	10453.188405285659
2894.6062094083695	18077.959778096767
2904.7933229353157	44481.0168792483
2990.463938109534	4869.603546553095
3029.095495267097	5900.364032835907
3045.064921634425	514767.08659777464
3055.5132096674174	42957.04281675534
3065.8131225545762	49673.77945930393
3073.133252129458	41388.96678600389
3107.1860834071376	7931.89550306326
3150.184512555015	16652.280209112287
3188.8135375864213	75798.23774799395
3198.4863470725973	1000.3965951556106
3204.093089891405	2831.1566516852727
3263.7749544332573	6791.662199619747
3320.978506301131	90092.14653716776
3333.1896141882044	26247.920239366777
3339.1734288701214	11380.544546014278
3350.7225893685145	18118.40942853177
3372.398307611458	8855.436197595904
3463.5985654352203	15725.51093699612
3474.210181649629	230404.0630660158
3485.0152969996825	8090.911297815986
3494.150709237901	28400.732420582444
3505.2534363444115	9025.765379431617
3516.2847424472466	2888.964046084541
3626.013862883483	7537.0002655461485
3635.5131811714577	232094.73254165734
3647.0194378661627	32378.382346606657
3717.628748031686	474041.82721703564
3728.0722654351566	28588.54541800739
3741.009510676276	152759.21525243018
3756.8214551997985	23034.709976019836
3907.853256274714	187514.00557034864
3928.5293919769974	282178.0874536206
3946.6186002065137	247077.34148645093
3965.789359251779	60182.14050253739
3986.049219834872	5651.001805262204
4140.416367816711	82312.26372601546
4160.14845097749	2628182.7140967944
4170.322955307242	44385.27873581634
4179.92744126621	48130.51919876931
4243.652794822962	9397540.57897042
4254.124698207944	307252.80837750726
4265.099766138099	5782668.7045319835
4285.224683768273	432130.4473784977
4359.7517589882145	94934.25422031576
4438.621654966436	4012.9927280221614
4452.035734157249	203502.33725667757
4463.463645251015	140850.2948333378
4472.897678598677	9604.952454367169
4486.564546831514	783203.6715797342
4599.806182605562	99791.0410815483
4661.311839332435	1383801.2593779268
4672.286662061318	47178.04049260686
4681.116901767873	25420.616610161476
4696.126863099241	150292.56346486032
4708.584832855544	23817.21932336896
4764.487180648679	5801.959139183496
4784.509998965706	702400.6040128351
4795.628823060684	58122.208976185124
4816.86308400007	15263.113662131422
4997.019087933177	307790.4881415442
5026.674699007793	371506.89130457613
5035.940092845061	15145.669331189445
5135.086613744328	18351.827926665665
5174.972637721198	4120460.77282817
5196.705132335053	332938.5406162292
5211.977491636797	94129.8553835315
5383.1046791775625	203931.59975560935
5404.165640719896	5837.313188809202
5439.210976064679	25817.456964506997
5521.349524794673	9246.363194409227
5642.045650148609	192297.57015586743
5747.643832216361	40123812.65199799
5769.633632233016	3715480.897904555
5786.524719098396	2334166.6852630265
5806.757965370092	271651.93728886294
6051.376862564142	44745.786380770005
6090.449900095911	5809431.562012565
6112.498413438025	673787.3893488797
6129.178486700336	295291.93673944724
6151.061415697524	149020.719058691
6210.434759169061	65571.26370989185
6303.903178224333	391805.2547553214
6327.409221433491	613116.2172529999
6351.437629247661	70656.35145161
6372.99425608271	261248.0461282538
6568.40389951389	101663.84048410103
6642.229119081307	680411.9572103907
6667.0926649552275	56797.24286061424
6680.462207720828	24354.62892096893
6713.391051977539	15942.918867133023
6731.856711147056	107731.2312042202
6949.16327449252	956100.8381315566
6971.334503362834	74249.42880733225
6995.801314902743	178759.23643820727
7066.934330271864	13230.435436252796
7235.417440317003	22909.54699833583
7270.965286268191	1506370.5974613312
7292.746099232169	77620.66117692161
7309.680726074414	36980.17140197382
7434.856459160301	3339871.2040956686
7457.529476381375	204667.31800193407
7676.157460222093	137373.2900412773
7705.520145574273	13893.840592900595
7731.109956871926	23327.291902239187
7752.907870217866	111926.58269597727
7929.331741829404	14153.427119583845
7978.340437048566	36694.472273812215
8321.38256827459	9491416.870917687
8487.102501609928	49533069.612012245
8720.649551465916	957576.1551914817
8740.149615834478	107785.42103478679
8785.26535545475	27289.81962424449
8905.433346838148	496521.31247743627
8925.280653922497	122190.29495763023
8951.683391730145	14428.324089188296
8972.862102655265	906312.5387780089
9200.709423365312	69239.5513148434
9323.096455946723	6581254.279868361
9569.70886907973	1596859.429381736
9995.587540736964	174042.42913104856
10053.162180228523	445170.5565073555
10359.70797310789	295.4773457018585
10474.17841584411	1820.7630921209604
10765.832281764213	123285.7946209147
10875.315114032597	1692.8419657683169
11030.720012213382	1157.3692846467006
11282.07564671897	84857.86159817263
11572.898832081795	88290.98023968266
11853.197181424128	1559.9500929585677
12077.705548467711	38197.82518987916
12149.258272483936	1191.1725886441188
12259.892704173692	1632.088699988638
12415.656808916588	5426.09353465656
12440.094237319194	128.82329118256308
12609.97428404984	41412.10701139825
12674.969384582171	2143.8258580650713
13307.076500123652	5819.4099132312585
13339.311026125584	913.8656965085635
13420.93762080718	3644.140286683914
13457.315381300747	614.8464250487135
13988.105869931414	974.6723257997813
15339.721437005914	684.0182972262559
15371.908898969807	1693.9361083116935
