m/z	Intensity
2000.8728359900624	18610.67593643486
2005.3086088680345	44131.1227975172
2013.1167177358313	21860.980007332982
2017.9033038256848	6884.787309882653
2021.6826487573205	19845.81204705627
2031.0111273252453	19200.51041383478
2037.1742634527143	29685.300133095803
2043.5503835880695	1871.1520219022493
2046.1307918624027	2086.8862049782833
2058.92097508625	4860.634116480183
2062.465720999573	5093.567690181635
2068.539764525606	172354.32940896112
2078.317885904583	3452.2785617251825
2083.3184035865484	18595.312425159904
2091.414138074064	14515.023326991904
2108.549027606102	2145.8799740311442
2121.1867073894496	7786.9361111356375
2132.3363262603234	161333.64389906527
2144.6972521725056	1673.985048620109
2169.4563314575703	42837.849989981405
2184.239618238871	6711.189114686038
2190.841700318604	4686.526224857553
2214.5220833015333	22528.17779028589
2224.993111070787	7378.5825152662865
2236.6960071464578	5599.018049464981
2241.1013932902665	10230.984471194952
2251.991294133525	4082.9162360033074
2261.907615141584	10075.409222596583
2288.266079775102	3028.8800345672826
2298.117881125997	6502.643212308308
2303.087750491571	2845.2707595888373
2315.355261532441	4545.665244491202
2330.6992245375177	2834.8864568495965
2348.1309048150374	8438.42835025329
2399.2707002883512	8317.4686651122
2422.7183366524177	23337.42704799491
2449.6977204735413	8726.28606105027
2477.7981425668318	34006.73731949655
2511.7000777413577	20821.321084747575
2587.293776321595	136260.98868348228
2604.6618182546667	8718.869139654476
2610.0293225729956	7404.290292381392
2616.3239971285943	1645.6487984180053
2632.1708942862815	30342.26411879786
2648.9157325984675	1023.4127248384585
2665.4035445988416	4264.408872974766
2690.9711621247643	10258.763692960256
2717.834992499897	4157.804687335874
2774.098018243599	139504.74452603498
2805.34802996785	8583.877883090532
2812.3516402415817	21271.57139207559
2827.9021147250305	618193.8402504149
2866.523658891378	7730.411077159564
2872.878731054811	267913.2607161925
2885.126006231641	8041.8679862448935
2895.944551529161	5965.556271351514
2966.9221698353726	116128.68656295056
2990.1974972037738	81929.45889121894
3044.4735714866983	311787.57636145194
3065.4725754598817	180634.55074252735
3073.459465008351	15624.060147858356
3085.2090480268544	1820.7477218833956
3105.7619911118004	106659.83677651266
3174.510760443489	11793.462617180752
3187.8081765154407	136471.34425783326
3198.160389555362	8481.932497970558
3282.184432232787	32780.820217767556
3320.5800095224636	80659.51308242502
3330.192125987151	158773.50431369012
3350.2402574677612	419883.7826156724
3363.552011728944	29208.141743238804
3464.7176079289347	11867.21959200685
3473.385360111077	328884.3267071744
3484.013682037258	12873.72430074753
3498.032401605949	30348.36050169141
3531.506598080498	25180.912767993595
3587.591190452422	229703.90344482296
3625.829182341803	30748.43418507583
3634.8771174069175	1131184.7337351386
3682.1081342933994	22920.567532935504
3716.815912313976	1005235.0951604241
3727.71840333374	11433.733265912022
3740.3816223415806	345738.0097306467
3760.3375042702337	244932.32153425162
3772.5025371447646	16172.61386930144
3824.608834338804	32641.133500076925
3835.6681743468544	82381.4660259563
3855.59657352992	182602.62794018016
3861.939772617446	43988.283732704695
3874.1744556187996	712099.2650300777
3904.7988971603663	197776.4903744348
3926.5994419240383	92773.51660095416
3934.884489410976	49912.67064023416
3946.3850213704177	42377.0601476569
3987.9069240620006	9987.40750828656
4099.437931012935	47894.18088929264
4139.242942112857	480298.06742712704
4160.42822798927	4288549.832762034
4179.434430981861	115360.77486227217
4202.084890880076	123235.64936610224
4242.775214977539	31615873.678526424
4264.713793275999	6490684.894549103
4358.9804718872965	520714.1374908174
4378.036952437689	809893.4614513466
4437.556243764318	543388.4129512381
4451.2714646600625	2165265.8845233195
4462.198691237038	815492.7177029843
4472.235452223369	493479.42677892
4486.104698347194	3614136.568765192
4499.391025991097	67865.4852924881
4561.045131043592	16362.390085718225
4599.461003838522	4998148.9514580425
4660.9744310721935	5610045.659393247
4696.514240550449	691205.1624546974
4709.180855994545	468511.6715779502
4762.712001735127	155511.12872496972
4783.980664592786	1909995.9108320514
4797.180630764479	82715.09169128607
4996.619329539778	2855226.6782302125
5026.278602872062	7628624.176635149
5116.857144617222	741494.2104103899
5165.849012924883	107955.37007498549
5174.811165006577	1756774.3440040005
5260.720213935606	20850.989218913506
5308.315418085696	47368.24130778633
5317.947785426923	566196.6168713364
5382.753943296602	5956349.701919494
5438.75685126786	359731.0891473259
5500.505463955108	126706.21236081098
5522.579241907519	956336.0612826595
5578.630015518351	241093.49767205355
5619.756179059011	64205.83387949824
5641.842124919861	3983709.065473836
5675.3916394446205	283835.80711822095
5747.569569619467	13188637.91187437
5785.542755088795	1008315.5041696455
5793.655310721369	255144.2427514203
5857.955806745647	494050.1641512794
5903.673420423023	570411.9100872662
5972.408960882196	74261.27316827586
6043.410007786797	169983.9298354822
6090.195828270462	4674290.956680524
6150.580457342534	1802571.3431917166
6190.8054425498	94066.68062881392
6209.8428615261755	2711432.3905636673
6231.754242568073	683715.2634587471
6248.3614790648535	123051.79065434028
6305.349106369705	6521491.106902969
6323.128698260311	1539915.1168972424
6374.0997171491745	46542.851526167964
6568.584632158917	5007353.49484217
6643.769281418231	344716.9053398741
6653.932387950209	1203627.60877388
6666.80045846827	227262.24921959074
6689.257379218502	31241.765254147307
6710.3988532836	2476275.369246837
6730.957665464805	2411135.96696951
6840.556125570753	407094.93266248226
6881.2297354748525	17636.74250788626
6949.5373723391385	1351714.3439968068
6998.4453566950115	4206195.791568496
7051.18118513425	167609.21860475652
7065.437387544928	2349069.9742465713
7271.144961061848	4138173.9927031174
7435.5829906506415	3184171.63534124
7482.921555557125	1831963.6957654445
7523.375128305793	46266.00068645911
7540.969304526005	95590.39172068416
7675.751266188993	4815252.072195217
7714.743469609416	735100.2895069064
7730.579262284395	85526.64755823149
7750.132434020635	3760537.7236848315
7856.119704952839	25407.8825157985
7893.698833187651	246250.94074425483
7978.244375249398	3561220.0818952415
8251.625516864508	345044.3324905317
8322.710938704162	8883888.719988132
8487.226079384403	70366920.9156005
8511.176336116505	893056.3108312091
8720.813191685897	1643158.4068538053
8787.12927978355	2227736.9504064773
8881.271196128724	1437075.2193588915
8904.637068443231	2427758.8048331547
8924.486729403729	192260.77029315024
8973.211795451101	1632862.5379299948
9200.812860888664	6061385.3941523805
9323.220618736012	5094341.443332819
9394.11326069085	111037.91567728837
9486.324091093102	2393854.0970066707
9570.315884907086	1602430.8640707047
9593.688122615235	174347.1048065916
9996.12803950264	1272784.311716928
10052.960807482847	5236216.471738821
10321.378432615606	309717.8801707967
10505.725375344264	63443.22333196401
10764.96315212502	3530074.397461878
10879.001228510664	26766.184086335918
11041.872999306548	243435.6442248652
11156.095720473937	20105.512737371955
11284.301814066985	1410831.512339065
11476.375571857252	223847.00707647417
11571.970260930291	4493766.383654525
11809.019653771096	46974.63729801038
11944.195661694474	1238.9882330576238
12299.320094192255	444908.6063558724
12419.687699195467	308577.9450614427
12458.376053943295	86544.05648674286
12609.515123144824	8682586.648074502
13130.96127010913	453154.40228388767
13308.79889476434	570637.548316478
13414.162412821262	817720.4644915342
13996.556913943743	179872.1551627768
14112.273055862857	330585.23154284694
14953.064112867081	48706.05193138877
15330.942147469683	479757.1763505597
15500.04834221183	2649.8104749483123
15954.26832239991	172296.0174227017
16506.17733474589	1057.970696919649
17544.737843576946	22400.64496382995
18957.88226065695	24537.95544555788
