m/z	Intensity
2006.59472958916	110918.41739642006
2010.359553177255	65558.19331835092
2013.3201042177543	85495.6213044839
2017.8323999574004	37149.909584538414
2020.5961466757294	82287.97104130877
2026.737073965387	353951.5447624251
2030.4531409657222	79444.19129943516
2035.18760338347	220085.47174617986
2132.974082238458	3129330.1310999976
2208.806573311855	205552.14677771006
2488.578537923979	71657.88044457659
2511.304885956916	172781.2990532756
2587.8054372739352	14626714.141794598
2598.958883278546	2542789.511405491
2608.9102192999812	1356892.4235879502
2618.419981996229	165701.11507085152
2635.0266911578183	267711.20567305066
2773.64004833476	119665.94516659885
2805.967268823691	20455606.937814318
2828.0216633329646	5003461.754831061
2844.399096447277	1026710.084244596
2849.4416599053166	220321.24921726662
2866.443084719903	151227.8277872369
2872.389450826501	300644.7688509703
2979.003683806094	190883.73719968685
3045.113189305874	7103701.476406465
3056.132868232222	967137.4549583163
3066.1755808318444	445123.3577375832
3106.2603409447584	187506.8526068297
3189.074256563768	327764.741387843
3320.868137606902	638174.1113975765
3330.643811850477	548838.3587041316
3350.759251810854	479427.5343287275
3474.1382343944665	6583562.73081375
3485.110869786701	1098782.7459702326
3494.2383900293476	532391.0874749147
3504.8874489101618	183456.35511480295
3635.386963900291	10130702.811368428
3645.9770703626486	1271019.5917600112
3654.7685803089626	475020.31842690473
3665.931800946834	113920.94332986933
3717.2457733731503	11339310.594850518
3728.1375464180283	1632719.0176455188
3738.3114621641084	1006455.3329294131
3747.948195895477	181538.97151054826
3760.0805467110804	419732.86792299733
3906.6353480713256	1416750.639210883
3928.5123244530578	676558.5881232967
3948.376368583035	939504.4189116709
3966.7786741621585	59271.265568566734
4139.2454000133575	372399.02106365305
4160.215114910623	16194125.878123786
4170.865160407383	613050.5858573779
4180.364850445998	1334809.435310596
4190.846412952217	215399.48236833976
4265.074649060818	96945607.02224106
4286.753167888411	19703444.152457323
4303.761576904067	9641213.932441777
4325.439408465139	1966761.9229051338
4451.4440188832505	5385898.1695650285
4462.560504911196	1508211.4504331464
4472.8882032061165	242424.8568775647
4486.141151367268	13624884.911465285
4496.797863183001	1006773.6930068515
4505.352473170104	570374.7358238159
4517.04011692034	120818.26401401733
4599.786235816133	2253819.986844978
4660.725566805722	9670197.42930599
4671.792602438006	905922.3747326109
4680.614628053721	515936.57782651135
4696.330199077976	5478080.50852565
4707.748177707012	467193.51825562614
4784.222316100421	14521958.793346323
4794.915537915705	1507717.1812059346
4804.16492551979	763594.2675317007
4814.46404094835	549573.0687321466
4825.712016697841	174940.50552055423
4996.642733568913	7444113.59312477
5007.464483250876	909192.3915831161
5017.447833276649	359986.8373388117
5026.377536526453	7584109.519345098
5036.912021954132	609132.6355517578
5046.4983964211115	307016.52232106286
5133.8307734383	2428121.373484648
5159.874858061544	2745396.666409865
5175.187600758103	139071431.9313761
5197.1177531247195	35241123.773402534
5215.301909396662	17208864.10134765
5236.665449919294	4744990.942206526
5383.0295250626	3523121.350935277
5393.49047276083	129045.12006989228
5403.410211267352	188711.75512350973
5438.864834046553	241743.79733008464
5521.708741332766	67048.84930743523
5641.85162928967	4578331.297675285
5652.6737751624005	310989.22644710215
5672.767275587734	119492.8753660126
5747.468692180843	22296271.548855435
5769.438854153888	3428901.121209845
5786.086613899896	1276104.6088248678
5793.620185169066	1202782.6722120089
5805.729814216287	651239.6580386034
5903.868788014973	104388.25085649578
6090.198757679957	79790812.40005249
6111.992905852544	16377422.328405738
6131.2415438034595	8118956.243433585
6152.049944228787	1942588.1127333888
6210.075416706026	3872429.507888542
6231.727554991985	507680.2721787556
6319.666904976127	7557729.480167995
6349.156785445499	249217.60578168207
6362.192368826554	156317.48387133106
6568.445465693936	3912793.1416755836
6641.839221244595	11335406.240243137
6665.088020815455	2029388.833626912
6680.528045589145	458427.636834613
6710.601451942295	838154.7367050858
6730.893029230292	3840157.2223370355
6841.865428253887	249399.11829641846
6948.867398630965	42734283.53399176
6970.893448888336	6566099.64873037
6991.825392333277	4638550.498033572
7009.648496316702	1022691.8580811239
7065.271263697894	256723.87774939602
7270.633049814981	59226680.90792067
7291.881847955435	3852662.9352659793
7309.954878413893	1457616.9776198822
7434.8933523280575	68061293.09189592
7457.028354535716	8075340.556491401
7476.861244863509	4406100.710682832
7496.460706521923	1524436.0196099062
7676.244495244979	1619796.0668043746
7750.022245960672	438592.38775877166
7853.372124528432	1299198.9050978795
7893.704188326387	130080.08709492361
7928.127768762639	607985.0937505972
7977.357670604902	2207147.6378672323
8321.99065447987	143292781.73739597
8487.155952550534	5494853.6663833745
8510.666008495149	1251553.0903026273
8719.23679498759	1181356.2264467129
8903.701257968898	16392480.253155846
8925.796678872663	3041573.0407634256
8972.343028834082	54189947.07102392
9200.846063253115	8743796.739139864
9322.25726144809	31902136.351103075
9344.72073095325	1080491.2132123646
9365.469067043565	233493.79084327695
9392.926994007974	13198789.27855479
9569.37467968297	75985415.78398855
9995.468340803433	15714607.021359036
10053.744125899348	28412739.69271061
10318.690843512572	193303.59650097188
10478.237946482059	15228.126455720365
10766.421379566664	15464996.348659445
10880.348235165398	210815.16014007034
11044.636481202317	283074.13854742184
11284.610847717242	15620991.857480157
11477.450862290641	1443830.9775074986
11578.276485678141	18938202.947547503
11809.7619691689	445853.6620220677
12086.049794989382	902827.0826466857
12420.9761091228	3709296.113417731
12461.46817636751	280801.5356163995
12638.594667298672	18459115.66949594
13135.490026191987	2761756.8236933365
13312.30718144615	3121457.998052623
13464.183949280066	3604225.4997956967
13678.434112993711	389361.4253637396
13996.76806319705	797736.2685800525
14125.376537878428	705110.8089539573
14967.866970472276	40035.86198336954
15345.535183162325	567204.1368696054
15957.886149605212	265320.85662203154
